52133.000000000000000000
102304.000000000000000000
170266.000000000000000000
209933.000000000000000000
265574.000000000000000000
321174.000000000000000000
377464.000000000000000000
423069.000000000000000000
483803.000000000000000000
603570.000000000000000000
771713.000000000000000000
802441.000000000000000000
841098.000000000000000000
893581.000000000000000000
934700.000000000000000000
1000434.000000000000000000
1046949.000000000000000000
1109436.000000000000000000
1162473.000000000000000000
1205192.000000000000000000
1243156.000000000000000000
1278960.000000000000000000
1311909.000000000000000000
1405295.000000000000000000
1487536.000000000000000000
1504784.000000000000000000
1522206.000000000000000000
1547773.000000000000000000
1591616.000000000000000000
1641955.000000000000000000
1683681.000000000000000000
1730883.000000000000000000
1774371.000000000000000000
1811354.000000000000000000
1860406.000000000000000000
1886732.000000000000000000
1925961.000000000000000000
2000848.000000000000000000
2069019.000000000000000000
2191192.000000000000000000
2225267.000000000000000000
2276085.000000000000000000
2307429.000000000000000000
2358487.000000000000000000
2416448.000000000000000000
2440687.000000000000000000
2471751.000000000000000000
2506158.000000000000000000
2548593.000000000000000000
2580273.000000000000000000
2616079.000000000000000000
2650606.000000000000000000
2687771.000000000000000000
2797426.000000000000000000
2832482.000000000000000000
2849655.000000000000000000
2866451.000000000000000000
2884965.000000000000000000
2905553.000000000000000000
2932559.000000000000000000
2963425.000000000000000000
3005958.000000000000000000
3058879.000000000000000000
3099685.000000000000000000
3149561.000000000000000000
3187065.000000000000000000
3234783.000000000000000000
3285779.000000000000000000
3420525.000000000000000000
3486577.000000000000000000
3509189.000000000000000000
3534010.000000000000000000
3561483.000000000000000000
3588696.000000000000000000
3625731.000000000000000000
3662560.000000000000000000
3702096.000000000000000000
3763374.000000000000000000
3804296.000000000000000000
3837398.000000000000000000
3878553.000000000000000000
3923191.000000000000000000
3953611.000000000000000000
3996870.000000000000000000
4114849.000000000000000000
4131511.000000000000000000
4147654.000000000000000000
4164006.000000000000000000
4184721.000000000000000000
4217695.000000000000000000
4262278.000000000000000000
4384642.000000000000000000
4448363.000000000000000000
4497761.000000000000000000
4542216.000000000000000000
4595824.000000000000000000
4638904.000000000000000000
4685690.000000000000000000
4730309.000000000000000000
4854537.000000000000000000
4881689.000000000000000000
4904742.000000000000000000
4927242.000000000000000000
4950281.000000000000000000
4977360.000000000000000000
5008717.000000000000000000
5063490.000000000000000000
5142645.000000000000000000
5205187.000000000000000000
5254079.000000000000000000
5320392.000000000000000000
5453454.000000000000000000
5543231.000000000000000000
5561735.000000000000000000
5584048.000000000000000000
5609161.000000000000000000
5639444.000000000000000000
5677916.000000000000000000
5737179.000000000000000000
5783785.000000000000000000
5839548.000000000000000000
5885165.000000000000000000
5934008.000000000000000000
6022322.000000000000000000
6085832.000000000000000000
6315102.000000000000000000
